{"MiscParams": 
{
"TransTime": 0.110000,
"Cv": 0.121255,
"Cd": 1.047471,
"ForceX": 0.000000,
"ForceY": 0.000000
},

"StateParams": 
{
"Contact": 
{
"RootPitch": 0.324827,
"SpineCurve": 0.000000,
"StanceHip": 0.325105,
"StanceKnee": -0.475785,
"StanceAnkle": 1.360914,
"SwingHip": -0.497824,
"SwingKnee": -3.338943,
"SwingAnkle": 3.947096
},
"Down": 
{
"RootPitch": -0.146801,
"SpineCurve": 0.000000,
"StanceHip": 0.316499,
"StanceKnee": 1.229322,
"StanceAnkle": -1.438099,
"SwingHip": 2.561979,
"SwingKnee": -2.593596,
"SwingAnkle": 0.538312
},
"Passing": 
{
"RootPitch": 0.000000,
"SpineCurve": 0.000000,
"StanceHip": -0.377459,
"StanceKnee": -2.194179,
"StanceAnkle": 0.430710,
"SwingHip": -0.563939,
"SwingKnee": -0.878510,
"SwingAnkle": 1.768654
},
"Up": 
{
"RootPitch": 0.000000,
"SpineCurve": 0.000000,
"StanceHip": -0.240096,
"StanceKnee": -2.346125,
"StanceAnkle": 0.761849,
"SwingHip": -0.022744,
"SwingKnee": -0.579805,
"SwingAnkle": 0.542441
}
}
}
