 {"MiscParams":
{
"TransTime": 0.082500,
"Cv": 0.289427,
"Cd": 1.994835,
"ForceX": 0.000000,
"ForceY": 0.000000
},

"StateParams":
{
"Contact":
{
"RootPitch": -0.254906,
"StanceHip": -1.167773,
"StanceKnee": 0.275834,
"StanceAnkle": -0.197735,
"SwingHip": 2.298369,
"SwingKnee": -3.272985,
"SwingAnkle": -0.179217
},
"Down":
{
"RootPitch": -0.530879,
"StanceHip": -0.362771,
"StanceKnee": -0.690035,
"StanceAnkle": -0.558768,
"SwingHip": 1.806804,
"SwingKnee": -1.341557,
"SwingAnkle": -0.688935
},
"Passing":
{
"RootPitch": -0.170533,
"StanceHip": 0.337809,
"StanceKnee": -1.773089,
"StanceAnkle": -1.025832,
"SwingHip": -0.472297,
"SwingKnee": -0.766728,
"SwingAnkle": 0.358616
},
"Up":
{
"RootPitch": -0.170533,
"StanceHip": -0.481754,
"StanceKnee": -1.328176,
"StanceAnkle": 0.498767,
"SwingHip": -0.236538,
"SwingKnee": -0.471444,
"SwingAnkle": 1.154247
}
}
}
