{"MiscParams": 
{
"TransTime": 0.125000,
"Cv": 0.011665,
"BackForceX": 625.130360,
"BackForceY": 571.301639,
"FrontForceX": 257.542623,
"FrontForceY": 326.250293
},

"StateParams": 
{
"BackStance": 
{
"SpineCurve": 0.322502,
"Shoulder": -2.795618,
"Elbow": 4.592889,
"Hip": 0.490246,
"Knee": 0.979373,
"Ankle": 2.109407
},
"Extend": 
{
"SpineCurve": 0.067978,
"Shoulder": 0.133023,
"Elbow": 0.671746,
"Hip": 1.380376,
"Knee": -2.187911,
"Ankle": 3.244130
},
"FrontStance": 
{
"SpineCurve": -0.436901,
"Shoulder": 0.319307,
"Elbow": 0.708936,
"Hip": 0.274497,
"Knee": -2.611040,
"Ankle": 1.848780
},
"Gather": 
{
"SpineCurve": -0.173504,
"Shoulder": -1.273096,
"Elbow": 1.034690,
"Hip": 0.849060,
"Knee": -2.170275,
"Ankle": 1.408348
}
}
}
